L = 128;
a = 3;
b = 8;
